                                                test                                                
                                                                                                    
                                                                                                    
   120  +                                                                                           
        |                                                                                           
        |                                                                          .----------.     
        |                                                                          |       1  |     
   100  +                                                                          |       1  |     
        |                                                                          |       1  |     
        |                                                                          |       1  |     
        |                                                                          |       1  |     
    80  +                                                                          |       1  |     
        |                                                                          |       1  |     
        |                                                                          |       1  |     
        |                                                                          |       1  |     
    60  +                                                                          |       1  |     
        |                                                                          |       1  |     
        |                                                                          |       1  |     
        |                                                                          |       1  |     
    40  +                                                                          |       1  |     
        |                                                                          |       1  |     
        |                                                                          |       1  |     
        |                                                                          |       1  |     
    20  +                                                                          |       1  |     
        |                                                                          |       1  |     
        |                                                                          |       1  |     
        |                                                                          |       1  |     
     0  +                                                                          |       1  |     
          +--------------------+---------------------+--------------------+--------|       1  |-+   
         -50                   0                    50                   100       |       1  |150  



